image_width: 320
image_height: 240
camera_name: cam2
camera_matrix:
  rows: 3
  cols: 3
  data: [269.849003, 0.000000, 172.323512, 0.000000, 269.672327, 118.906955, 0.000000, 0.000000, 1.000000]
distortion_model: plumb_bob
distortion_coefficients:
  rows: 1
  cols: 5
  data: [-0.111874, 0.114624, 0.002027, 0.001585, 0.000000]
rectification_matrix:
  rows: 3
  cols: 3
  data: [1.000000, 0.000000, 0.000000, 0.000000, 1.000000, 0.000000, 0.000000, 0.000000, 1.000000]
projection_matrix:
  rows: 3
  cols: 4
  data: [263.386353, 0.000000, 172.753885, 0.000000, 0.000000, 264.708923, 119.224369, 0.000000, 0.000000, 0.000000, 1.000000, 0.000000]
